
64 L HMLM 9.00 9.20 9.60 — 7080 1693 418 209 104 0.19
65 L HMLH 9.20 9.60 10.00 — 5727 1377 341 170 85 0.20
66 L HMML 9.60 10.00 10.50 — 6003 1441 356 178 88 0.21
67 L HMMM 10.00 10.50 11.00 — 6273 1504 372 185 92 0.20
68 L HMMH 10.50 11.00 11.50 — 6992 1672 413 206 103 0.20
69 L HMHL 11.00 11.50 12.00 — 5866 1409 349 174 87 0.21
70 L HMHM 11.50 12.00 12.50 — 6155 1477 365 182 91 0.20
71 L HMHH 12.00 12.50 13.00 — 6446 1545 382 190 95 0.20
72 L HHLL 12.50 13.00 13.50 — 7034 1680 415 207 103 0.20
73 L HHLM 13.00 13.50 14.00 — 5408 1303 323 161 80 0.20
74 L HHLH 13.50 14.00 14.50 — 5633 1356 336 167 83 0.20
75 L HHML 14.00 14.50 15.00 — 5861 1409 349 174 87 0.20
76 L HHMM 14.50 15.00 15.50 — 7383 1764 436 217 108 0.19
77 L HHMH 15.00 15.50 16.00 — 6321 1515 374 187 93 0.21
78 L HHHL 15.50 16.00 16.50 — 6321 1515 374 187 93 0.21
79 L HHHM 16.00 16.50 17.00 — 6774 1620 400 200 99 0.20
80 L HHHH 16.50 17.00 17.50 — 7230 1726 426 213 106 0.20
81 M LLLL 17.00 17.50 18.00 — 4422 1071 265 132 66 0.21
82 M LLLM 17.50 18.00 18.50 — 7342 1756 434 216 108 0.19
83 M LLLH 18.00 18.50 19.00 — 7342 1756 434 216 108 0.19
84 M LLML 18.50 19.00 19.50 — 7298 1742 430 214 107 0.20
85 M LLMM 19.00 19.50 20.00 — 4995 1206 299 149 74 0.20
86 M LLMH 19.50 20.00 21.00 — 7518 1796 444 221 110 0.19
87 M LLHL 20.00 21.00 22.00 — 6208 1488 368 183 91 0.21
88 M LLHM 21.00 22.00 23.00 — 7429 1777 439 219 109 0.18
89 M LLHH 22.00 23.00 24.00 — 6155 1477 365 182 91 0.20
90 M LMLL 23.00 24.00 25.00 — 6155 1477 365 182 91 0.20
91 M LMLM 24.00 25.00 26.00 — 6739 1612 399 199 99 0.20
92 M LMLH 25.26 26.00 27.00 — 7613 1816 449 224 111 0.19
93 M LMML 26.00 27.00 28.00 — 6817 1631 403 201 100 0.20
94 M LMMM 27.00 28.00 29.00 — 6817 1631 403 201 100 0.20
95 M LMMH 28.00 29.00 30.00 — 7640 1821 450 224 112 0.20
96 M LMHL 29.00 30.00 31.00 — 4941 1194 296 147 73 0.20
97 M LMHM 30.31 31.00 32.00 — 7658 1827 451 225 112 0.19
98 M LMHH 31.00 32.00 33.00 — 7658 1827 451 225 112 0.19
99 M LHLL 32.00 33.00 34.00 — 6774 1620 400 200 99 0.20
100 M LHLM 33.00 34.00 35.00 — 6774 1620 400 200 99 0.20
101 M LHLH 34.00 35.00 36.00 — 7692 1832 452 225 112 0.20
102 M LHML 35.00 36.00 37.00 — 7680 1833 453 226 113 0.19
103 M LHMM 36.00 37.00 38.00 — 7539 1803 446 222 111 0.18
104 M LHMH 37.00 38.00 39.00 — 7658 1827 451 225 112 0.19
105 M LHHL 38.00 39.00 40.00 — 7607 1818 449 224 112 0.18
106 M LHHM 39.00 40.00 42.00 — 7607 1818 449 224 112 0.18
107 M LHHH 40.00 42.00 44.00 — 5709 1373 340 169 84 0.21
108 M MLLL 43.30 44.00 46.00 — 7653 1828 452 225 112 0.18
109 M MLLM 44.00 46.00 48.00 — 7653 1828 452 225 112 0.18
110 M MLLH 46.00 48.00 50.00 — 6155 1477 365 182 91 0.20
111 M MLML 48.00 50.00 52.00 — 7630 1823 450 225 112 0.18
112 M MLMM 50.52 52.00 54.00 — 7692 1832 452 225 112 0.20
113 M MLMH 52.00 54.00 56.00 — 7880 1882 465 232 116 0.18
114 M MLHL 54.00 56.00 58.00 — 6169 1481 366 183 91 0.20
115 M MLHM 56.00 58.00 60.00 — 7664 1826 451 225 112 0.20
116 M MLHH 58.00 60.00 60.00 — 7664 1826 451 225 112 0.20
117 M MMLL 60.00 62.00 64.00 — 7882 1882 465 232 116 0.18
118 M MMLM 62.00 64.00 66.00 — 7890 1883 465 232 116 0.18
119 M MMLH 64.00 66.00 68.00 — 7878 1882 465 232 116 0.18
120 M MMML 66.00 68.00 70.00 — 7878 1882 465 232 116 0.18
121 M MMMM 68.00 70.00 70.88 — 6228 1494 369 184 92 0.20
122 M MMMH 70.00 72.00 74.00 — 7888 1883 465 232 116 0.18
123 M MMHL 72.00 74.00 76.00 — 7889 1883 465 232 116 0.18
124 M MMHM 75.78 76.00 78.00 — 7917 1884 465 232 116 0.20
125 M MMHH 76.00 78.00 80.00 — 7895 1883 465 232 116 0.19
126 M MHLL 78.00 80.00 84.00 — 7895 1883 465 232 116 0.19
127 M MHLM 80.00 84.00 88.00 — 6010 1445 357 178 89 0.20
